000000000000001
000000000000002
000000000000003
000000000000004
000000000000005
000000000000006
000000000000007
000000000000008
000000000000009
000000000000010
000000000000011
000000000000012
000000000000013
000000000000014
000000000000015
000000000000016
000000000000017
000000000000018
000000000000019
000000000000020
000000000000021
000000000000022
000000000000023
000000000000024
000000000000025
000000000000026
000000000000027
000000000000028
000000000000029
000000000000030
000000000000031
000000000000032
000000000000033
000000000000034
000000000000035
000000000000036
000000000000037
000000000000038
000000000000039
000000000000040
000000000000041
000000000000042
000000000000043
000000000000044
000000000000045
000000000000046
000000000000047
000000000000048
000000000000049
000000000000050
000000000000051
000000000000052
000000000000053
000000000000054
000000000000055
000000000000056
000000000000057
000000000000058
000000000000059
000000000000060
000000000000061
000000000000062
000000000000063
000000000000064
000000000000065
000000000000066
000000000000067
000000000000068
000000000000069
000000000000070
000000000000071
000000000000072
000000000000073
000000000000074
000000000000075
000000000000076
000000000000077
000000000000078
000000000000079
000000000000080
000000000000081
000000000000082
000000000000083
000000000000084
000000000000085
000000000000086
000000000000087
000000000000088
000000000000089
000000000000090
000000000000091
000000000000092
000000000000093
000000000000094
000000000000095
000000000000096
000000000000097
000000000000098
000000000000099
000000000000100
000000000000101
000000000000102
000000000000103
000000000000104
000000000000105
000000000000106
000000000000107
000000000000108
000000000000109
000000000000110
000000000000111
000000000000112
000000000000113
000000000000114
000000000000115
000000000000116
000000000000117
000000000000118
000000000000119
000000000000120
000000000000121
000000000000122
000000000000123
000000000000124
000000000000125
000000000000126
000000000000127
000000000000128
000000000000129
000000000000130
000000000000131
000000000000132
000000000000133
000000000000134
000000000000135
000000000000136
000000000000137
000000000000138
000000000000139
000000000000140
000000000000141
000000000000142
000000000000143
000000000000144
000000000000145
000000000000146
000000000000147
000000000000148
000000000000149
000000000000150
000000000000151
000000000000152
000000000000153
000000000000154
000000000000155
000000000000156
000000000000157
000000000000158
000000000000159
000000000000160
000000000000161
000000000000162
000000000000163
000000000000164
000000000000165
000000000000166
000000000000167
000000000000168
000000000000169
000000000000170
000000000000171
000000000000172
000000000000173
000000000000174
000000000000175
000000000000176
000000000000177
000000000000178
000000000000179
000000000000180
000000000000181
000000000000182
000000000000183
000000000000184
000000000000185
000000000000186
000000000000187
000000000000188
000000000000189
000000000000190
000000000000191
000000000000192
000000000000193
000000000000194
000000000000195
000000000000196
000000000000197
000000000000198
000000000000199
000000000000200
000000000000201
000000000000202
000000000000203
000000000000204
000000000000205
000000000000206
000000000000207
000000000000208
000000000000209
000000000000210
000000000000211
000000000000212
000000000000213
000000000000214
000000000000215
000000000000216
000000000000217
000000000000218
000000000000219
000000000000220
000000000000221
000000000000222
000000000000223
000000000000224
000000000000225
000000000000226
000000000000227
000000000000228
000000000000229
000000000000230
000000000000231
000000000000232
000000000000233
000000000000234
000000000000235
000000000000236
000000000000237
000000000000238
000000000000239
000000000000240
000000000000241
000000000000242
000000000000243
000000000000244
000000000000245
000000000000246
000000000000247
000000000000248
000000000000249
000000000000250
000000000000251
000000000000252
000000000000253
000000000000254
000000000000255
000000000000256
000000000000257
000000000000258
000000000000259
000000000000260
000000000000261
000000000000262
000000000000263
000000000000264
000000000000265
000000000000266
000000000000267
000000000000268
000000000000269
000000000000270
000000000000271
000000000000272
000000000000273
000000000000274
000000000000275
000000000000276
000000000000277
000000000000278
000000000000279
000000000000280
000000000000281
000000000000282
000000000000283
000000000000284
000000000000285
000000000000286
000000000000287
000000000000288
000000000000289
000000000000290
000000000000291
000000000000292
000000000000293
000000000000294
000000000000295
000000000000296
000000000000297
000000000000298
000000000000299
000000000000300
000000000000301
000000000000302
000000000000303
000000000000304
000000000000305
000000000000306
000000000000307
000000000000308
000000000000309
000000000000310
000000000000311
000000000000312
000000000000313
000000000000314
000000000000315
000000000000316
000000000000317
000000000000318
000000000000319
000000000000320
000000000000321
000000000000322
000000000000323
000000000000324
000000000000325
000000000000326
000000000000327
000000000000328
000000000000329
000000000000330
000000000000331
000000000000332
000000000000333
000000000000334
000000000000335
000000000000336
000000000000337
000000000000338
000000000000339
000000000000340
000000000000341
000000000000342
000000000000343
000000000000344
000000000000345
000000000000346
000000000000347
000000000000348
000000000000349
000000000000350
000000000000351
000000000000352
000000000000353
000000000000354
000000000000355
000000000000356
000000000000357
000000000000358
000000000000359
000000000000360
000000000000361
000000000000362
000000000000363
000000000000364
000000000000365
000000000000366
000000000000367
000000000000368
000000000000369
000000000000370
000000000000371
000000000000372
000000000000373
000000000000374
000000000000375
000000000000376
000000000000377
000000000000378
000000000000379
000000000000380
000000000000381
000000000000382
000000000000383
000000000000384
000000000000385
000000000000386
000000000000387
000000000000388
000000000000389
000000000000390
000000000000391
000000000000392
000000000000393
000000000000394
000000000000395
000000000000396
000000000000397
000000000000398
000000000000399
000000000000400
000000000000401
000000000000402
000000000000403
000000000000404
000000000000405
000000000000406
000000000000407
000000000000408
000000000000409
000000000000410
000000000000411
000000000000412
000000000000413
000000000000414
000000000000415
000000000000416
000000000000417
000000000000418
000000000000419
000000000000420
000000000000421
000000000000422
000000000000423
000000000000424
000000000000425
000000000000426
000000000000427
000000000000428
000000000000429
000000000000430
000000000000431
000000000000432
000000000000433
000000000000434
000000000000435
000000000000436
000000000000437
000000000000438
000000000000439
000000000000440
000000000000441
000000000000442
000000000000443
000000000000444
000000000000445
000000000000446
000000000000447
000000000000448
000000000000449
000000000000450
000000000000451
000000000000452
000000000000453
000000000000454
000000000000455
000000000000456
000000000000457
000000000000458
000000000000459
000000000000460
000000000000461
000000000000462
000000000000463
000000000000464
000000000000465
000000000000466
000000000000467
000000000000468
000000000000469
000000000000470
000000000000471
000000000000472
000000000000473
000000000000474
000000000000475
000000000000476
000000000000477
000000000000478
000000000000479
000000000000480
000000000000481
000000000000482
000000000000483
000000000000484
000000000000485
000000000000486
000000000000487
000000000000488
000000000000489
000000000000490
000000000000491
000000000000492
000000000000493
000000000000494
000000000000495
000000000000496
000000000000497
000000000000498
000000000000499
000000000000500
